T 112 4663 140 4696 0
e 140 4662 160 4686 0
s 163 4662 179 4686 0
s 182 4661 198 4686 0
e 200 4661 220 4685 0
r 221 4662 238 4685 0
a 239 4661 260 4685 0
c 261 4661 281 4685 0
t 281 4661 296 4691 0
  296 4661 311 4696 0
O 311 4661 344 4696 0
C 347 4661 377 4696 0
R 378 4661 414 4695 0
	 414 4694 415 4695 0
A 110 4575 146 4609 0
b 145 4574 167 4610 0
o 171 4573 193 4598 0
u 195 4573 219 4596 0
t 220 4573 234 4603 0
	 234 4602 235 4603 0
T 112 4487 139 4520 0
h 142 4487 165 4522 0
i 166 4487 176 4522 0
s 180 4485 195 4510 0
  195 4475 210 4510 0
p 210 4475 232 4509 0
a 236 4485 256 4509 0
c 258 4485 277 4509 0
k 279 4486 303 4521 0
a 305 4485 325 4509 0
g 326 4475 349 4509 0
e 352 4485 371 4509 0
  371 4484 387 4509 0
c 387 4484 406 4509 0
o 409 4484 431 4508 0
n 434 4485 457 4508 0
t 457 4484 471 4514 0
a 474 4484 494 4508 0
i 495 4485 505 4520 0
n 507 4485 530 4508 0
s 533 4484 548 4508 0
  548 4484 564 4508 0
a 564 4484 584 4508 0
n 585 4485 608 4508 0
  608 4483 623 4518 0
O 623 4483 655 4518 0
C 659 4483 688 4518 0
R 690 4484 725 4517 0
  725 4483 738 4517 0
e 738 4483 757 4507 0
n 759 4484 782 4507 0
g 783 4473 806 4507 0
i 808 4484 818 4519 0
n 820 4483 843 4507 0
e 845 4482 864 4506 0
  864 4482 880 4506 0
- 880 4492 893 4496 0
  893 4483 909 4518 0
l 909 4483 919 4518 0
i 921 4483 931 4518 0
b 932 4482 954 4518 0
t 956 4482 970 4512 0
e 973 4482 992 4506 0
s 996 4482 1011 4506 0
s 1015 4482 1030 4506 0
e 1033 4481 1052 4506 0
r 1054 4482 1070 4505 0
a 1072 4481 1092 4505 0
c 1094 4481 1113 4505 0
t 1114 4481 1128 4511 0
  1128 4481 1144 4511 0
a 1144 4481 1164 4505 0
n 1165 4482 1188 4505 0
d 1189 4481 1212 4517 0
  1212 4481 1228 4517 0
a 1228 4481 1248 4505 0
  1248 4480 1263 4505 0
c 1263 4480 1282 4505 0
o 1285 4480 1307 4504 0
m 1310 4481 1346 4504 0
m 1347 4481 1383 4504 0
a 1385 4480 1405 4504 0
n 1406 4481 1429 4504 0
d 1430 4480 1453 4516 0
  1453 4480 1468 4516 0
l 1468 4481 1478 4516 0
i 1480 4480 1490 4516 0
n 1492 4480 1515 4503 0
e 1517 4479 1536 4503 0
  1536 4469 1551 4503 0
p 1551 4469 1573 4503 0
r 1576 4480 1592 4503 0
o 1594 4479 1616 4503 0
g 1619 4469 1642 4503 0
r 1644 4480 1660 4503 0
a 1662 4479 1682 4503 0
m 1683 4479 1719 4503 0
  1719 4479 1734 4503 0
- 1734 4488 1747 4492 0
  1747 4478 1762 4508 0
t 1762 4478 1776 4508 0
e 1779 4478 1798 4502 0
s 1802 4478 1817 4502 0
s 1821 4478 1836 4502 0
e 1839 4478 1858 4502 0
r 1860 4479 1876 4502 0
a 1878 4478 1898 4502 0
c 1900 4477 1919 4502 0
t 1920 4477 1934 4507 0
. 1939 4477 1943 4481 0
	 1943 4480 1944 4481 0
T 111 4399 138 4432 0
h 141 4399 164 4434 0
e 166 4398 185 4422 0
  185 4398 200 4433 0
l 200 4398 210 4433 0
e 213 4397 232 4421 0
a 235 4397 255 4421 0
d 256 4397 279 4433 0
  279 4397 294 4433 0
d 294 4397 317 4433 0
e 320 4397 339 4421 0
v 339 4397 365 4420 0
e 366 4397 385 4421 0
l 387 4398 397 4433 0
o 400 4396 422 4421 0
p 425 4386 447 4420 0
e 451 4396 470 4420 0
r 472 4397 488 4420 0
  488 4397 502 4432 0
i 502 4397 512 4432 0
s 516 4396 531 4420 0
  531 4396 545 4430 0
R 545 4397 580 4430 0
a 580 4396 600 4420 0
y 599 4385 624 4419 0
  624 4385 640 4430 0
S 640 4395 661 4430 0
m 665 4396 701 4419 0
i 702 4396 712 4431 0
t 713 4395 727 4425 0
h 729 4396 752 4431 0
. 756 4395 760 4399 0
  760 4395 779 4429 0
T 779 4396 806 4429 0
h 809 4396 832 4431 0
e 834 4394 853 4419 0
  853 4394 868 4419 0
m 868 4395 904 4418 0
a 906 4394 926 4418 0
i 927 4395 937 4430 0
n 939 4395 962 4418 0
t 962 4394 976 4424 0
a 979 4394 999 4418 0
i 1000 4395 1010 4430 0
n 1012 4395 1035 4418 0
e 1037 4393 1056 4418 0
r 1058 4394 1074 4417 0
  1074 4394 1088 4429 0
i 1088 4394 1098 4429 0
s 1102 4393 1117 4417 0
  1117 4393 1131 4427 0
Z 1131 4394 1160 4427 0
d 1162 4393 1185 4429 0
e 1188 4393 1207 4417 0
n 1209 4394 1232 4417 0
k 1233 4394 1257 4429 0
o 1259 4392 1281 4417 0
  1281 4392 1296 4426 0
P 1296 4393 1322 4426 0
o 1326 4392 1348 4416 0
d 1351 4392 1374 4428 0
o 1377 4392 1399 4416 0
b 1401 4392 1423 4428 0
n 1426 4393 1449 4416 0
y 1448 4382 1473 4415 0
. 1473 4392 1477 4396 0
  1477 4392 1495 4425 0
F 1495 4392 1520 4425 0
o 1524 4391 1546 4415 0
r 1549 4392 1565 4415 0
  1565 4391 1580 4415 0
a 1580 4391 1600 4415 0
  1600 4391 1614 4427 0
l 1614 4392 1624 4427 0
i 1626 4392 1636 4427 0
s 1640 4391 1655 4415 0
t 1656 4391 1670 4421 0
  1670 4390 1686 4421 0
o 1686 4390 1708 4415 0
f 1711 4391 1731 4426 0
  1731 4390 1740 4426 0
c 1740 4390 1759 4414 0
o 1762 4390 1784 4414 0
n 1787 4391 1810 4414 0
t 1810 4390 1824 4420 0
r 1826 4391 1842 4414 0
i 1843 4391 1853 4426 0
b 1854 4390 1876 4426 0
u 1878 4390 1902 4413 0
t 1903 4389 1917 4420 0
o 1920 4389 1942 4413 0
r 1945 4390 1961 4413 0
s 1964 4389 1979 4413 0
  1979 4389 1996 4413 0
s 1996 4389 2011 4413 0
e 2014 4389 2033 4413 0
e 2036 4389 2055 4413 0
  2055 4389 2066 4424 0
A 2066 4390 2102 4424 0
U 2101 4388 2137 4423 0
T 2139 4389 2166 4422 0
H 2168 4389 2204 4422 0
O 2206 4388 2238 4423 0
R 2240 4389 2275 4422 0
S 2277 4388 2298 4423 0
  2298 4388 2316 4423 0
a 2316 4388 2336 4412 0
n 2337 4388 2360 4412 0
d 2361 4387 2384 4423 0
  2384 4387 2400 4423 0
G 2400 4387 2435 4422 0
i 2435 4388 2445 4423 0
t 2446 4387 2460 4417 0
H 2461 4388 2497 4421 0
u 2497 4387 2521 4410 0
b 2522 4387 2544 4423 0
' 2548 4408 2552 4422 0
s 2557 4386 2572 4411 0
  2572 4386 2587 4422 0
l 2587 4387 2597 4422 0
o 2600 4386 2622 4410 0
g 2625 4376 2648 4410 0
  2648 4376 2664 4410 0
o 2664 4386 2686 4410 0
f 2689 4387 2709 4422 0
  2709 4386 2718 4422 0
c 2718 4386 2737 4410 0
o 2740 4386 2762 4410 0
n 2765 4386 2788 4410 0
t 2788 4385 2802 4415 0
r 2804 4386 2820 4409 0
i 2821 4386 2831 4421 0
b 2832 4385 2854 4421 0
u 2856 4385 2880 4408 0
t 2881 4385 2895 4415 0
o 2898 4385 2920 4409 0
r 2923 4386 2939 4409 0
s 2942 4385 2957 4409 0
. 2962 4385 2966 4389 0
	 2966 4388 2967 4389 0
T 111 4311 138 4344 0
e 139 4310 158 4334 0
s 162 4310 177 4334 0
s 181 4309 196 4334 0
e 199 4309 218 4333 0
r 220 4310 236 4333 0
a 238 4309 258 4333 0
c 260 4309 279 4333 0
t 280 4309 294 4339 0
  294 4309 309 4345 0
h 309 4310 332 4345 0
a 334 4309 354 4333 0
s 357 4309 372 4333 0
  372 4308 386 4333 0
u 386 4308 410 4332 0
n 412 4309 435 4332 0
i 436 4309 446 4344 0
c 449 4308 468 4332 0
o 471 4308 493 4332 0
d 496 4308 519 4344 0
e 522 4308 541 4332 0
  541 4298 557 4344 0
( 557 4298 571 4344 0
U 572 4308 608 4342 0
T 610 4308 637 4342 0
F 639 4308 664 4341 0
- 668 4317 681 4321 0
8 686 4308 705 4341 0
) 709 4297 723 4343 0
  723 4297 741 4343 0
s 741 4307 756 4331 0
u 757 4307 781 4330 0
p 783 4297 805 4331 0
p 808 4297 830 4331 0
o 834 4306 856 4331 0
r 859 4307 875 4330 0
t 875 4306 889 4336 0
, 892 4298 899 4310 0
  899 4298 918 4330 0
a 918 4306 938 4330 0
n 939 4307 962 4330 0
d 963 4306 986 4342 0
  986 4306 1002 4342 0
c 1002 4306 1021 4330 0
a 1024 4306 1044 4330 0
n 1045 4306 1068 4330 0
  1068 4306 1082 4330 0
r 1082 4306 1098 4329 0
e 1100 4305 1119 4329 0
c 1122 4305 1141 4329 0
o 1144 4305 1166 4329 0
g 1169 4295 1192 4329 0
n 1194 4306 1217 4329 0
i 1218 4306 1228 4341 0
z 1230 4306 1250 4328 0
e 1253 4304 1272 4329 0
  1272 4304 1287 4329 0
m 1287 4305 1323 4328 0
o 1325 4304 1347 4328 0
r 1350 4305 1366 4328 0
e 1368 4304 1387 4328 0
  1387 4304 1401 4334 0
t 1401 4304 1415 4334 0
h 1417 4305 1440 4340 0
a 1442 4304 1462 4328 0
n 1463 4304 1486 4328 0
  1486 4304 1505 4337 0
1 1505 4304 1518 4337 0
0 1526 4304 1547 4337 0
0 1551 4304 1572 4337 0
  1572 4304 1588 4339 0
l 1588 4304 1598 4339 0
a 1601 4303 1621 4327 0
n 1622 4304 1645 4327 0
g 1646 4293 1669 4327 0
u 1670 4303 1694 4326 0
a 1697 4302 1717 4326 0
g 1718 4292 1741 4326 0
e 1744 4302 1763 4326 0
s 1767 4302 1782 4326 0
  1782 4302 1800 4337 0
" 1800 4323 1812 4337 0
o 1818 4302 1840 4326 0
u 1842 4302 1866 4325 0
t 1867 4302 1881 4332 0
  1881 4301 1897 4332 0
o 1897 4301 1919 4326 0
f 1922 4302 1942 4337 0
  1942 4301 1949 4337 0
t 1949 4301 1963 4331 0
h 1965 4302 1988 4337 0
e 1990 4301 2009 4325 0
  2009 4301 2023 4337 0
b 2023 4301 2045 4337 0
o 2049 4301 2071 4325 0
x 2073 4302 2097 4324 0
" 2101 4322 2113 4336 0
. 2121 4301 2125 4305 0
	 2125 4304 2126 4305 0
T 110 4223 138 4256 0
e 138 4222 158 4246 0
s 161 4222 177 4246 0
s 180 4221 196 4246 0
e 198 4221 218 4245 0
r 219 4222 236 4245 0
a 237 4221 258 4245 0
c 259 4221 279 4245 0
t 279 4221 294 4251 0
  294 4221 310 4251 0
s 310 4221 326 4245 0
u 326 4221 351 4244 0
p 352 4211 375 4245 0
p 377 4211 400 4245 0
o 403 4220 426 4244 0
r 428 4221 445 4244 0
t 444 4220 459 4250 0
s 462 4220 478 4244 0
  478 4220 490 4244 0
v 490 4220 517 4243 0
a 517 4220 538 4244 0
r 538 4221 555 4244 0
i 555 4221 566 4256 0
o 568 4220 591 4244 0
u 592 4220 617 4243 0
s 620 4219 636 4243 0
  636 4219 651 4243 0
o 651 4219 674 4243 0
u 675 4219 700 4242 0
t 700 4219 715 4249 0
p 716 4209 739 4243 0
u 740 4219 765 4242 0
t 765 4219 780 4249 0
  780 4219 794 4255 0
f 794 4220 815 4255 0
o 810 4219 833 4243 0
r 835 4219 852 4242 0
m 852 4219 889 4242 0
a 890 4218 911 4242 0
t 910 4218 925 4248 0
s 928 4218 944 4242 0
: 949 4218 954 4242 0
  954 4208 972 4242 0
p 972 4208 995 4242 0
l 997 4219 1008 4254 0
a 1010 4218 1031 4242 0
i 1031 4219 1042 4254 0
n 1043 4218 1067 4242 0
- 1068 4227 1081 4231 0
t 1083 4217 1098 4247 0
e 1100 4217 1120 4241 0
x 1120 4218 1145 4240 0
t 1144 4217 1159 4247 0
, 1161 4209 1168 4221 0
  1168 4209 1186 4253 0
h 1186 4218 1210 4253 0
o 1211 4217 1234 4241 0
c 1237 4217 1257 4241 0
r 1258 4217 1275 4241 0
( 1276 4206 1291 4252 0
h 1292 4217 1316 4252 0
t 1315 4216 1330 4246 0
m 1331 4217 1368 4240 0
l 1368 4217 1379 4252 0
) 1380 4206 1395 4252 0
, 1398 4208 1405 4220 0
  1405 4206 1423 4240 0
p 1423 4206 1446 4240 0
d 1448 4216 1472 4252 0
f 1473 4216 1494 4252 0
, 1489 4207 1496 4219 0
  1496 4207 1513 4245 0
t 1513 4215 1528 4245 0
s 1531 4215 1547 4239 0
v 1546 4215 1573 4238 0
, 1570 4207 1577 4219 0
  1577 4207 1595 4251 0
i 1595 4216 1606 4251 0
n 1607 4216 1631 4239 0
v 1629 4215 1656 4238 0
i 1655 4216 1666 4251 0
s 1669 4215 1685 4239 0
i 1686 4216 1697 4251 0
b 1697 4214 1720 4250 0
l 1722 4215 1733 4250 0
e 1735 4214 1755 4238 0
- 1757 4224 1770 4228 0
t 1772 4214 1787 4244 0
e 1789 4214 1809 4238 0
x 1809 4215 1834 4237 0
t 1833 4214 1848 4244 0
- 1850 4224 1863 4228 0
o 1867 4214 1890 4238 0
n 1892 4214 1916 4238 0
l 1916 4214 1927 4249 0
y 1926 4203 1952 4236 0
  1952 4203 1964 4237 0
p 1964 4203 1987 4237 0
d 1989 4213 2013 4249 0
f 2014 4214 2035 4249 0
. 2032 4213 2036 4217 0
	 2036 4216 2037 4217 0
Y 108 4135 144 4168 0
o 141 4134 163 4158 0
u 165 4133 189 4157 0
  189 4133 206 4157 0
s 206 4133 221 4157 0
h 223 4134 246 4169 0
o 248 4133 270 4157 0
u 272 4133 296 4156 0
l 298 4134 308 4169 0
d 310 4133 333 4169 0
  333 4133 348 4169 0
n 348 4134 371 4157 0
o 373 4133 395 4157 0
t 397 4132 411 4163 0
e 414 4132 433 4156 0
  433 4132 447 4162 0
t 447 4132 461 4162 0
h 463 4133 486 4168 0
a 488 4132 508 4156 0
t 508 4132 522 4162 0
  522 4132 537 4168 0
i 537 4133 547 4168 0
n 549 4133 572 4156 0
  572 4132 586 4156 0
m 586 4132 622 4156 0
a 624 4131 644 4155 0
n 645 4132 668 4155 0
y 667 4121 692 4154 0
  692 4121 706 4155 0
c 706 4131 725 4155 0
a 728 4131 748 4155 0
s 751 4131 766 4155 0
e 769 4131 788 4155 0
s 792 4131 807 4155 0
, 810 4123 817 4135 0
  817 4123 835 4166 0
i 835 4131 845 4166 0
n 847 4131 870 4154 0
  870 4130 885 4154 0
o 885 4130 907 4154 0
r 910 4131 926 4154 0
d 927 4130 950 4166 0
e 953 4130 972 4154 0
r 974 4131 990 4154 0
  990 4130 1003 4160 0
t 1003 4130 1017 4160 0
o 1020 4130 1042 4154 0
  1042 4119 1058 4154 0
g 1058 4119 1081 4153 0
e 1084 4129 1103 4153 0
t 1104 4129 1118 4159 0
  1118 4129 1132 4165 0
b 1132 4129 1154 4165 0
e 1158 4129 1177 4153 0
t 1178 4129 1192 4159 0
t 1193 4129 1207 4159 0
e 1210 4129 1229 4153 0
r 1231 4130 1247 4153 0
  1247 4128 1262 4164 0
O 1262 4128 1294 4164 0
C 1298 4128 1327 4163 0
R 1329 4129 1364 4162 0
  1364 4129 1376 4162 0
r 1376 4129 1392 4152 0
e 1394 4128 1413 4152 0
s 1417 4128 1432 4152 0
u 1433 4128 1457 4151 0
l 1459 4129 1469 4164 0
t 1470 4127 1484 4158 0
s 1488 4127 1503 4151 0
, 1506 4119 1513 4131 0
  1513 4117 1529 4150 0
y 1529 4117 1554 4150 0
o 1555 4127 1577 4151 0
u 1579 4127 1603 4150 0
' 1606 4148 1610 4162 0
l 1613 4128 1623 4163 0
l 1625 4128 1635 4163 0
  1635 4128 1650 4163 0
n 1650 4128 1673 4151 0
e 1675 4127 1694 4151 0
e 1697 4126 1716 4150 0
d 1718 4126 1741 4162 0
  1741 4126 1755 4162 0
t 1755 4126 1769 4156 0
o 1772 4126 1794 4150 0
  1794 4126 1810 4162 0
i 1810 4127 1820 4162 0
m 1822 4127 1858 4150 0
p 1859 4116 1881 4150 0
r 1884 4127 1900 4150 0
o 1902 4125 1924 4150 0
v 1925 4125 1951 4148 0
e 1952 4125 1971 4149 0
  1971 4125 1985 4155 0
t 1985 4125 1999 4155 0
h 2001 4126 2024 4161 0
e 2026 4125 2045 4149 0
  2045 4115 2061 4149 0
q 2061 4115 2083 4149 0
u 2084 4125 2108 4148 0
a 2111 4124 2131 4149 0
l 2132 4125 2142 4160 0
i 2144 4125 2154 4160 0
t 2155 4124 2169 4154 0
y 2169 4114 2194 4147 0
  2194 4114 2208 4148 0
o 2208 4124 2230 4148 0
f 2233 4125 2253 4160 0
  2253 4124 2260 4160 0
t 2260 4124 2274 4154 0
h 2276 4125 2299 4160 0
e 2301 4124 2320 4148 0
  2320 4124 2335 4160 0
i 2335 4124 2345 4160 0
m 2347 4124 2383 4147 0
a 2385 4123 2405 4147 0
g 2406 4113 2429 4147 0
e 2432 4123 2451 4147 0
  2451 4113 2464 4147 0
y 2464 4113 2489 4146 0
o 2490 4123 2512 4147 0
u 2514 4123 2538 4146 0
  2538 4122 2554 4147 0
a 2554 4122 2574 4147 0
r 2575 4123 2591 4146 0
e 2593 4122 2612 4146 0
  2612 4112 2627 4146 0
g 2627 4112 2650 4146 0
i 2652 4123 2662 4158 0
v 2662 4122 2688 4145 0
i 2688 4123 2698 4158 0
n 2700 4123 2723 4146 0
g 2724 4112 2747 4146 0
  2747 4112 2762 4156 0
T 2762 4122 2789 4156 0
e 2790 4121 2809 4145 0
s 2813 4121 2828 4145 0
s 2832 4121 2847 4145 0
e 2850 4121 2869 4145 0
r 2871 4122 2887 4145 0
a 2889 4121 2909 4145 0
c 2911 4121 2930 4145 0
t 2931 4121 2945 4151 0
. 2950 4121 2954 4125 0
	 2954 4124 2955 4125 0
T 110 4047 137 4080 0
h 140 4047 163 4082 0
i 164 4047 174 4082 0
s 178 4045 193 4070 0
  193 4035 208 4070 0
p 208 4035 230 4069 0
r 233 4046 249 4069 0
o 251 4045 273 4069 0
j 271 4035 283 4081 0
e 289 4045 308 4069 0
c 311 4045 330 4069 0
t 331 4045 345 4075 0
  345 4045 360 4081 0
d 360 4045 383 4081 0
o 386 4044 408 4069 0
e 412 4044 431 4068 0
s 435 4044 450 4068 0
  450 4044 465 4068 0
n 465 4045 488 4068 0
o 490 4044 512 4068 0
t 514 4044 528 4074 0
  528 4044 543 4080 0
i 543 4045 553 4080 0
n 555 4045 578 4068 0
c 580 4044 599 4068 0
l 601 4045 611 4080 0
u 612 4043 636 4067 0
d 638 4043 661 4079 0
e 664 4043 683 4067 0
  683 4043 699 4067 0
a 699 4043 719 4067 0
  719 4043 734 4078 0
G 734 4043 769 4078 0
U 768 4043 804 4077 0
I 805 4044 820 4077 0
  820 4042 836 4077 0
a 836 4042 856 4066 0
p 857 4032 879 4066 0
p 882 4032 904 4066 0
l 907 4043 917 4078 0
i 919 4043 929 4078 0
c 932 4042 951 4066 0
a 954 4042 974 4066 0
t 974 4042 988 4072 0
i 990 4043 1000 4078 0
o 1003 4042 1025 4066 0
n 1028 4042 1051 4066 0
. 1055 4041 1059 4045 0
  1059 4041 1078 4075 0
I 1078 4042 1093 4075 0
f 1095 4042 1115 4077 0
  1115 4031 1121 4077 0
y 1121 4031 1146 4064 0
o 1147 4041 1169 4065 0
u 1171 4041 1195 4064 0
  1195 4041 1210 4065 0
n 1210 4042 1233 4065 0
e 1235 4041 1254 4065 0
e 1257 4040 1276 4065 0
d 1278 4040 1301 4076 0
  1301 4040 1317 4076 0
o 1317 4040 1339 4064 0
n 1342 4041 1365 4064 0
e 1367 4040 1386 4064 0
, 1389 4032 1396 4044 0
  1396 4030 1414 4064 0
p 1414 4030 1436 4064 0
l 1439 4041 1449 4076 0
e 1452 4040 1471 4064 0
a 1474 4039 1494 4064 0
s 1497 4039 1512 4063 0
e 1515 4039 1534 4063 0
  1534 4039 1551 4063 0
s 1551 4039 1566 4063 0
e 1569 4039 1588 4063 0
e 1591 4039 1610 4063 0
  1610 4039 1624 4069 0
t 1624 4039 1638 4069 0
h 1640 4040 1663 4075 0
e 1665 4039 1684 4063 0
  1684 4039 1700 4072 0
3 1700 4039 1718 4072 0
r 1724 4039 1740 4062 0
d 1741 4038 1764 4074 0
P 1765 4039 1791 4072 0
a 1795 4038 1815 4062 0
r 1816 4039 1832 4062 0
t 1832 4038 1846 4068 0
y 1846 4028 1871 4061 0
  1871 4028 1883 4061 0
w 1883 4037 1920 4061 0
i 1920 4038 1930 4073 0
k 1932 4038 1956 4073 0
i 1957 4038 1967 4073 0
  1967 4027 1982 4073 0
p 1982 4027 2004 4061 0
a 2008 4037 2028 4061 0
g 2029 4027 2052 4061 0
e 2055 4037 2074 4061 0
. 2079 4037 2083 4041 0
	 2083 4040 2084 4041 0
T 109 3959 136 3992 0
e 137 3958 156 3982 0
s 160 3958 175 3982 0
s 179 3957 194 3982 0
e 197 3957 216 3981 0
r 218 3958 234 3981 0
a 236 3957 256 3981 0
c 258 3957 277 3981 0
t 278 3957 292 3987 0
  292 3957 308 3987 0
c 308 3957 327 3981 0
a 330 3957 350 3981 0
n 351 3958 374 3981 0
  374 3956 387 3993 0
b 387 3956 409 3993 0
e 413 3956 432 3980 0
  432 3956 446 3986 0
t 446 3956 460 3986 0
r 462 3957 478 3980 0
a 480 3956 500 3980 0
i 501 3957 511 3992 0
n 513 3957 536 3980 0
e 538 3956 557 3980 0
d 559 3956 582 3992 0
  582 3956 596 3992 0
t 596 3956 610 3986 0
o 613 3955 635 3980 0
  635 3955 651 3980 0
r 651 3956 667 3979 0
e 669 3955 688 3979 0
c 691 3955 710 3979 0
o 713 3955 735 3979 0
g 738 3945 761 3979 0
n 763 3956 786 3979 0
i 787 3956 797 3991 0
z 799 3956 819 3978 0
e 822 3954 841 3979 0
  841 3954 857 3979 0
o 857 3954 879 3978 0
t 881 3954 895 3984 0
h 897 3955 920 3990 0
e 922 3954 941 3978 0
r 943 3955 959 3978 0
  959 3955 973 3990 0
l 973 3955 983 3990 0
a 986 3954 1006 3978 0
n 1007 3955 1030 3978 0
g 1031 3943 1054 3978 0
u 1055 3953 1079 3976 0
a 1082 3953 1102 3977 0
g 1103 3943 1126 3977 0
e 1129 3953 1148 3977 0
s 1152 3953 1167 3977 0
. 1172 3953 1176 3957 0
  1176 3953 1198 3988 0
S 1198 3953 1219 3988 0
e 1224 3953 1243 3977 0
e 1246 3953 1265 3977 0
  1265 3953 1280 3986 0
T 1280 3953 1307 3986 0
e 1308 3952 1327 3976 0
s 1331 3952 1346 3976 0
s 1350 3952 1365 3976 0
e 1368 3952 1387 3976 0
r 1389 3953 1405 3976 0
a 1407 3952 1427 3976 0
c 1429 3952 1448 3976 0
t 1449 3952 1463 3982 0
  1463 3952 1478 3986 0
T 1478 3952 1505 3986 0
r 1506 3952 1522 3975 0
a 1524 3951 1544 3975 0
i 1545 3952 1555 3987 0
n 1557 3952 1580 3975 0
i 1581 3952 1591 3987 0
n 1593 3952 1616 3975 0
g 1617 3941 1640 3975 0
  1640 3941 1655 3987 0
f 1655 3952 1675 3987 0
o 1671 3951 1693 3975 0
r 1696 3951 1712 3974 0
  1712 3951 1726 3974 0
m 1726 3951 1762 3974 0
o 1764 3950 1786 3974 0
r 1789 3951 1805 3974 0
e 1807 3950 1826 3974 0
  1826 3950 1841 3986 0
i 1841 3951 1851 3986 0
n 1853 3951 1876 3974 0
f 1877 3951 1897 3986 0
o 1893 3949 1915 3974 0
r 1918 3950 1934 3973 0
m 1935 3950 1971 3973 0
a 1973 3949 1993 3973 0
t 1993 3949 2007 3979 0
i 2009 3950 2019 3985 0
o 2022 3949 2044 3973 0
n 2047 3950 2070 3973 0
. 2074 3949 2078 3953 0
	 2078 3952 2079 3953 0
B 107 3871 137 3904 0
r 141 3871 157 3894 0
i 158 3871 168 3906 0
e 171 3869 190 3894 0
f 192 3870 212 3905 0
  212 3870 220 3905 0
h 220 3870 243 3905 0
i 244 3870 254 3905 0
s 258 3869 273 3893 0
t 274 3869 288 3899 0
o 291 3869 313 3893 0
r 316 3870 332 3893 0
y 331 3859 356 3892 0
	 356 3891 357 3892 0
T 108 3783 136 3816 0
e 136 3782 156 3806 0
s 159 3782 175 3806 0
s 178 3781 194 3806 0
e 196 3781 216 3805 0
r 217 3782 234 3805 0
a 235 3781 256 3805 0
c 257 3781 277 3805 0
t 277 3781 292 3811 0
  292 3781 305 3811 0
w 305 3781 342 3804 0
a 343 3781 364 3805 0
s 366 3781 382 3805 0
  382 3780 397 3805 0
o 397 3780 420 3805 0
r 422 3781 439 3804 0
i 439 3781 450 3816 0
g 451 3770 475 3804 0
i 476 3781 487 3816 0
n 488 3781 512 3804 0
a 513 3780 534 3804 0
l 534 3781 545 3816 0
l 546 3781 557 3816 0
y 556 3770 581 3803 0
  581 3770 594 3816 0
d 594 3780 618 3816 0
e 620 3779 639 3803 0
v 639 3779 665 3802 0
e 666 3779 685 3803 0
l 687 3780 698 3815 0
o 700 3779 722 3803 0
p 725 3769 747 3803 0
e 751 3779 770 3803 0
d 772 3779 796 3815 0
  796 3779 811 3815 0
a 811 3779 831 3803 0
t 831 3778 846 3809 0
  846 3778 859 3812 0
H 859 3779 896 3812 0
e 897 3778 916 3802 0
w 917 3778 954 3801 0
l 954 3779 965 3814 0
e 967 3778 986 3802 0
t 987 3778 1002 3808 0
t 1002 3778 1017 3808 0
- 1019 3788 1032 3792 0
P 1034 3778 1061 3812 0
a 1064 3777 1084 3801 0
c 1086 3777 1105 3801 0
k 1107 3778 1132 3813 0
a 1133 3777 1153 3801 0
r 1154 3778 1170 3801 0
d 1171 3777 1195 3813 0
  1195 3777 1208 3813 0
L 1208 3778 1238 3811 0
a 1240 3777 1260 3801 0
b 1260 3776 1283 3813 0
o 1286 3776 1308 3800 0
r 1311 3777 1327 3800 0
a 1329 3776 1349 3800 0
t 1349 3776 1364 3806 0
o 1366 3776 1388 3800 0
r 1391 3777 1407 3800 0
i 1408 3777 1419 3812 0
e 1421 3776 1440 3800 0
s 1444 3776 1459 3800 0
  1459 3776 1473 3810 0
B 1473 3776 1504 3810 0
r 1507 3776 1523 3799 0
i 1524 3776 1535 3811 0
s 1538 3775 1553 3799 0
t 1554 3775 1569 3805 0
o 1571 3775 1593 3799 0
l 1596 3776 1607 3811 0
  1607 3775 1622 3811 0
a 1622 3775 1642 3799 0
n 1643 3776 1666 3799 0
d 1667 3775 1691 3811 0
  1691 3774 1706 3811 0
a 1706 3774 1726 3798 0
t 1726 3774 1741 3804 0
  1741 3774 1754 3808 0
H 1754 3775 1791 3808 0
e 1792 3774 1811 3798 0
w 1812 3774 1849 3797 0
l 1849 3775 1860 3810 0
e 1862 3774 1881 3798 0
t 1882 3774 1897 3804 0
t 1897 3774 1912 3804 0
- 1914 3783 1927 3787 0
P 1929 3774 1956 3807 0
a 1959 3773 1979 3797 0
c 1981 3773 2000 3797 0
k 2002 3774 2027 3809 0
a 2028 3773 2048 3797 0
r 2049 3774 2065 3797 0
d 2066 3773 2090 3809 0
  2090 3772 2105 3809 0
C 2105 3772 2135 3808 0
o 2138 3772 2160 3796 0
, 2164 3764 2171 3776 0
  2171 3764 2190 3807 0
G 2190 3772 2226 3807 0
r 2225 3773 2241 3796 0
e 2243 3772 2262 3796 0
e 2265 3772 2284 3796 0
l 2286 3773 2297 3808 0
e 2299 3772 2318 3796 0
y 2318 3761 2343 3795 0
  2343 3761 2357 3806 0
C 2357 3771 2387 3806 0
o 2390 3771 2412 3795 0
l 2415 3772 2426 3807 0
o 2428 3771 2450 3795 0
r 2453 3772 2469 3795 0
a 2471 3771 2491 3795 0
d 2492 3771 2516 3807 0
o 2518 3771 2540 3795 0
  2540 3770 2555 3807 0
b 2555 3770 2578 3807 0
e 2581 3770 2600 3794 0
t 2601 3770 2616 3800 0
w 2616 3770 2653 3793 0
e 2654 3770 2673 3794 0
e 2676 3770 2695 3794 0
n 2697 3771 2720 3794 0
  2720 3771 2739 3804 0
1 2739 3771 2753 3804 0
9 2760 3770 2782 3804 0
8 2786 3770 2806 3803 0
5 2811 3770 2830 3803 0
  2830 3769 2848 3803 0
a 2848 3769 2868 3793 0
n 2869 3770 2892 3793 0
d 2893 3769 2917 3805 0
  2917 3769 2936 3805 0
1 2936 3770 2950 3803 0
9 2957 3770 2979 3803 0
9 2982 3769 3004 3803 0
4 3006 3769 3029 3802 0
, 3032 3760 3039 3772 0
  3039 3760 3056 3791 0
w 3056 3768 3093 3791 0
i 3093 3769 3104 3804 0
t 3104 3768 3119 3798 0
h 3120 3769 3144 3804 0
  3144 3768 3159 3804 0
s 3159 3768 3174 3792 0
o 3177 3768 3199 3792 0
m 3202 3768 3238 3792 0
e 3240 3767 3259 3791 0
  3259 3767 3274 3791 0
m 3274 3768 3310 3791 0
o 3312 3767 3334 3791 0
r 3337 3768 3353 3791 0
e 3355 3767 3374 3791 0
	 3374 3790 3375 3791 0
c 108 3694 127 3718 0
h 129 3695 152 3730 0
a 154 3694 174 3718 0
n 175 3694 198 3718 0
g 199 3683 222 3717 0
e 225 3693 244 3717 0
s 248 3693 263 3717 0
  263 3693 278 3717 0
m 278 3694 314 3717 0
a 316 3693 336 3717 0
d 337 3693 360 3729 0
e 363 3693 382 3717 0
  382 3693 397 3729 0
i 397 3693 407 3729 0
n 409 3693 432 3716 0
  432 3693 451 3726 0
1 451 3693 464 3726 0
9 472 3693 493 3726 0
9 497 3693 518 3726 0
6 522 3693 543 3726 0
  543 3692 558 3726 0
t 558 3692 572 3722 0
o 575 3692 597 3716 0
  597 3681 613 3716 0
p 613 3681 635 3716 0
o 639 3691 661 3715 0
r 664 3692 680 3715 0
t 680 3691 694 3721 0
  694 3691 708 3721 0
t 708 3691 722 3721 0
o 725 3691 747 3715 0
  747 3691 760 3725 0
W 760 3691 808 3725 0
i 806 3692 816 3727 0
n 818 3691 841 3715 0
d 842 3690 865 3726 0
o 868 3690 890 3714 0
w 892 3690 929 3713 0
s 931 3690 946 3714 0
, 949 3682 956 3694 0
  956 3682 975 3714 0
a 975 3690 995 3714 0
n 996 3691 1019 3714 0
d 1020 3690 1043 3726 0
  1043 3689 1060 3726 0
s 1060 3689 1075 3713 0
o 1078 3689 1100 3713 0
m 1103 3690 1139 3713 0
e 1141 3689 1160 3713 0
  1160 3689 1176 3724 0
C 1176 3689 1205 3724 0
+ 1208 3694 1234 3720 0
+ 1236 3694 1262 3720 0
i 1264 3689 1274 3725 0
z 1276 3689 1296 3711 0
i 1298 3689 1308 3724 0
n 1310 3689 1333 3712 0
g 1334 3678 1357 3712 0
  1357 3678 1372 3724 0
i 1372 3689 1382 3724 0
n 1384 3689 1407 3712 0
  1407 3689 1426 3722 0
1 1426 3689 1439 3722 0
9 1447 3689 1468 3722 0
9 1472 3688 1493 3722 0
8 1498 3688 1517 3721 0
. 1524 3687 1528 3691 0
  1528 3687 1547 3721 0
I 1547 3688 1562 3721 0
n 1564 3688 1587 3711 0
  1587 3688 1601 3721 0
2 1601 3688 1623 3721 0
0 1627 3688 1648 3721 0
0 1652 3688 1673 3721 0
5 1678 3688 1696 3721 0
  1696 3687 1714 3721 0
T 1714 3687 1741 3720 0
e 1742 3686 1761 3710 0
s 1765 3686 1780 3710 0
s 1784 3686 1799 3710 0
e 1802 3686 1821 3710 0
r 1823 3687 1839 3710 0
a 1841 3686 1861 3710 0
c 1863 3686 1882 3710 0
t 1883 3686 1897 3716 0
  1897 3685 1911 3716 0
w 1911 3685 1948 3708 0
a 1949 3685 1969 3709 0
s 1972 3685 1987 3709 0
  1987 3685 2003 3709 0
o 2003 3685 2025 3709 0
p 2028 3675 2050 3709 0
e 2054 3685 2073 3709 0
n 2075 3686 2098 3709 0
  2098 3684 2114 3709 0
s 2114 3684 2129 3709 0
o 2132 3684 2154 3708 0
u 2156 3684 2180 3707 0
r 2182 3685 2198 3708 0
c 2200 3684 2219 3708 0
e 2222 3684 2241 3708 0
d 2243 3684 2266 3720 0
  2266 3684 2280 3720 0
b 2280 3684 2302 3720 0
y 2303 3674 2328 3707 0
  2328 3674 2340 3718 0
H 2340 3684 2376 3718 0
P 2376 3684 2402 3717 0
. 2402 3683 2406 3687 0
  2406 3683 2428 3718 0
S 2428 3683 2449 3718 0
i 2453 3684 2463 3719 0
n 2465 3684 2488 3707 0
c 2490 3683 2509 3707 0
e 2512 3683 2531 3707 0
  2531 3683 2546 3717 0
2 2546 3683 2568 3717 0
0 2572 3683 2593 3716 0
0 2597 3683 2618 3716 0
6 2622 3683 2643 3716 0
  2643 3683 2659 3718 0
i 2659 3683 2669 3718 0
t 2670 3682 2684 3712 0
  2684 3682 2699 3718 0
i 2699 3683 2709 3718 0
s 2713 3682 2728 3706 0
  2728 3682 2743 3718 0
d 2743 3682 2766 3718 0
e 2769 3681 2788 3706 0
v 2788 3681 2814 3704 0
e 2815 3681 2834 3705 0
l 2836 3682 2846 3717 0
o 2849 3681 2871 3705 0
p 2874 3671 2896 3705 0
e 2900 3681 2919 3705 0
d 2921 3681 2944 3717 0
  2944 3681 2958 3717 0
b 2958 3681 2980 3717 0
y 2981 3670 3006 3704 0
  3006 3670 3020 3715 0
G 3020 3680 3055 3715 0
o 3056 3680 3078 3704 0
o 3082 3680 3104 3704 0
g 3107 3670 3130 3704 0
l 3132 3681 3142 3716 0
e 3145 3680 3164 3704 0
. 3169 3680 3173 3684 0
	 3173 3683 3174 3684 0
T 108 3607 135 3640 0
h 138 3607 161 3642 0
e 163 3606 182 3630 0
  182 3606 197 3641 0
l 197 3606 207 3641 0
a 210 3605 230 3629 0
t 230 3605 244 3635 0
e 247 3605 266 3629 0
s 270 3605 285 3629 0
t 286 3605 300 3635 0
  300 3605 317 3635 0
s 317 3605 332 3629 0
t 333 3605 347 3635 0
a 350 3605 370 3629 0
b 370 3605 392 3641 0
l 395 3605 405 3641 0
e 408 3604 427 3628 0
  427 3604 440 3628 0
v 440 3604 466 3627 0
e 467 3604 486 3628 0
r 488 3605 504 3628 0
s 507 3604 522 3628 0
i 524 3605 534 3640 0
o 537 3604 559 3628 0
n 562 3605 585 3628 0
  585 3605 599 3640 0
i 599 3605 609 3640 0
s 613 3603 628 3628 0
  628 3603 644 3637 0
3 644 3604 662 3637 0
. 671 3603 675 3607 0
0 682 3604 703 3637 0
5 708 3604 726 3637 0
. 734 3603 738 3607 0
0 745 3604 766 3637 0
1 774 3604 787 3637 0
, 795 3595 802 3607 0
  802 3595 820 3627 0
r 820 3603 836 3627 0
e 838 3602 857 3626 0
l 859 3603 869 3638 0
e 872 3602 891 3626 0
a 894 3602 914 3626 0
s 917 3602 932 3626 0
e 935 3602 954 3626 0
d 956 3602 979 3638 0
  979 3602 995 3638 0
o 995 3602 1017 3626 0
n 1020 3603 1043 3626 0
  1043 3601 1057 3635 0
J 1057 3601 1075 3635 0
u 1075 3601 1099 3624 0
n 1101 3602 1124 3625 0
e 1126 3601 1145 3625 0
  1145 3601 1165 3635 0
1 1165 3602 1178 3635 0
, 1186 3593 1193 3605 0
  1193 3593 1211 3635 0
2 1211 3602 1233 3635 0
0 1237 3602 1258 3635 0
1 1266 3601 1279 3634 0
7 1287 3601 1309 3634 0
. 1314 3600 1318 3604 0
  1318 3600 1336 3634 0
L 1336 3601 1365 3634 0
a 1368 3600 1388 3624 0
t 1388 3600 1402 3630 0
e 1405 3600 1424 3624 0
s 1428 3600 1443 3624 0
t 1444 3600 1458 3630 0
  1458 3599 1475 3630 0
s 1475 3599 1490 3624 0
o 1493 3599 1515 3623 0
u 1517 3599 1541 3622 0
r 1543 3600 1559 3623 0
c 1561 3599 1580 3623 0
e 1583 3599 1602 3623 0
  1602 3599 1618 3623 0
c 1618 3599 1637 3623 0
o 1640 3599 1662 3623 0
d 1665 3599 1688 3635 0
e 1691 3598 1710 3623 0
  1710 3598 1725 3634 0
f 1725 3599 1745 3634 0
o 1741 3598 1763 3622 0
r 1766 3599 1782 3622 0
  1782 3599 1797 3632 0
3 1797 3599 1815 3632 0
. 1824 3598 1828 3602 0
0 1835 3599 1856 3632 0
5 1861 3599 1879 3632 0
  1879 3599 1897 3634 0
i 1897 3599 1907 3634 0
s 1911 3597 1926 3621 0
  1926 3597 1942 3621 0
a 1942 3597 1962 3621 0
v 1961 3597 1987 3620 0
a 1988 3597 2008 3621 0
i 2009 3598 2019 3633 0
l 2021 3598 2031 3633 0
a 2034 3597 2054 3621 0
b 2054 3597 2076 3633 0
l 2079 3598 2089 3633 0
e 2092 3597 2111 3621 0
  2111 3597 2126 3633 0
f 2126 3597 2146 3633 0
r 2141 3597 2157 3620 0
o 2159 3596 2181 3620 0
m 2184 3597 2220 3620 0
  2220 3597 2235 3630 0
3 2235 3597 2253 3630 0
. 2262 3596 2266 3600 0
0 2273 3597 2294 3630 0
5 2299 3597 2317 3630 0
  2317 3595 2334 3632 0
b 2334 3595 2356 3632 0
r 2359 3596 2375 3619 0
a 2377 3595 2397 3619 0
n 2398 3596 2421 3619 0
c 2423 3595 2442 3619 0
h 2444 3596 2467 3631 0
  2467 3595 2482 3631 0
o 2482 3595 2504 3619 0
n 2507 3596 2530 3619 0
  2530 3594 2545 3630 0
G 2545 3594 2580 3630 0
i 2580 3595 2590 3630 0
t 2591 3594 2605 3624 0
H 2606 3595 2642 3628 0
u 2642 3594 2666 3617 0
b 2667 3594 2689 3630 0
. 2695 3594 2699 3598 0
	 2699 3597 2700 3598 0
S 109 3518 130 3553 0
o 135 3518 157 3542 0
u 159 3518 183 3541 0
r 185 3518 201 3542 0
c 203 3517 222 3541 0
e 225 3517 244 3541 0
  244 3517 260 3541 0
c 260 3517 279 3541 0
o 282 3517 304 3541 0
d 307 3517 330 3553 0
e 333 3517 352 3541 0
  352 3517 367 3553 0
f 367 3518 387 3553 0
o 383 3516 405 3541 0
r 408 3517 424 3540 0
  424 3516 437 3546 0
t 437 3516 451 3546 0
h 453 3517 476 3552 0
e 478 3516 497 3540 0
  497 3516 512 3540 0
n 512 3517 535 3540 0
e 537 3516 556 3540 0
w 557 3516 594 3539 0
  594 3516 606 3550 0
L 606 3516 635 3550 0
S 640 3515 661 3550 0
T 666 3516 693 3549 0
M 695 3516 739 3549 0
  739 3515 752 3551 0
b 752 3515 774 3551 0
a 778 3515 798 3539 0
s 801 3515 816 3539 0
e 819 3514 838 3539 0
d 840 3514 863 3550 0
  863 3514 878 3550 0
4 878 3515 900 3548 0
. 906 3514 910 3518 0
0 917 3515 938 3548 0
  938 3514 952 3548 0
v 952 3514 978 3537 0
e 979 3514 998 3538 0
r 1000 3515 1016 3538 0
s 1019 3514 1034 3538 0
i 1036 3515 1046 3550 0
o 1049 3513 1071 3537 0
n 1074 3514 1097 3537 0
  1097 3514 1111 3549 0
i 1111 3514 1121 3549 0
s 1125 3513 1140 3537 0
  1140 3513 1156 3537 0
a 1156 3513 1176 3537 0
v 1175 3513 1201 3536 0
a 1202 3513 1222 3537 0
i 1223 3514 1233 3549 0
l 1235 3514 1245 3549 0
a 1248 3512 1268 3537 0
b 1268 3512 1290 3548 0
l 1293 3513 1303 3548 0
e 1306 3512 1325 3536 0
  1325 3512 1340 3548 0
f 1340 3513 1360 3548 0
r 1355 3513 1371 3536 0
o 1373 3512 1395 3536 0
m 1398 3513 1434 3536 0
  1434 3512 1447 3542 0
t 1447 3512 1461 3542 0
h 1463 3512 1486 3548 0
e 1488 3511 1507 3535 0
  1507 3511 1522 3535 0
m 1522 3512 1558 3535 0
a 1560 3511 1580 3535 0
s 1583 3511 1598 3535 0
t 1599 3511 1613 3541 0
e 1616 3511 1635 3535 0
r 1637 3512 1653 3535 0
  1653 3511 1666 3547 0
b 1666 3511 1688 3547 0
r 1691 3511 1707 3535 0
a 1709 3510 1729 3534 0
n 1730 3511 1753 3534 0
c 1755 3510 1774 3534 0
h 1776 3511 1799 3546 0
  1799 3510 1814 3546 0
o 1814 3510 1836 3534 0
n 1839 3511 1862 3534 0
  1862 3509 1877 3545 0
G 1877 3509 1912 3545 0
i 1912 3510 1922 3545 0
t 1923 3509 1937 3539 0
H 1938 3510 1974 3543 0
u 1974 3509 1998 3532 0
b 1999 3509 2021 3545 0
. 2027 3509 2031 3513 0
  2031 3509 2049 3543 0
P 2049 3510 2075 3543 0
l 2078 3510 2088 3545 0
e 2091 3509 2110 3533 0
a 2113 3508 2133 3533 0
s 2136 3508 2151 3532 0
e 2154 3508 2173 3532 0
  2173 3508 2188 3532 0
n 2188 3509 2211 3532 0
o 2213 3508 2235 3532 0
t 2237 3508 2251 3538 0
e 2254 3508 2273 3532 0
  2273 3508 2287 3538 0
t 2287 3508 2301 3538 0
h 2303 3509 2326 3544 0
i 2327 3509 2337 3544 0
s 2341 3507 2356 3532 0
  2356 3507 2370 3543 0
b 2370 3507 2392 3543 0
r 2395 3508 2411 3531 0
a 2413 3507 2433 3531 0
n 2434 3508 2457 3531 0
c 2459 3507 2478 3531 0
h 2480 3508 2503 3543 0
  2503 3508 2517 3543 0
i 2517 3508 2527 3543 0
s 2531 3507 2546 3531 0
  2546 3506 2560 3531 0
u 2560 3506 2584 3529 0
n 2586 3507 2609 3530 0
d 2610 3506 2633 3542 0
e 2636 3506 2655 3530 0
r 2657 3507 2673 3530 0
  2673 3506 2688 3530 0
a 2688 3506 2708 3530 0
c 2710 3506 2729 3530 0
t 2730 3506 2744 3536 0
i 2746 3507 2756 3542 0
v 2756 3505 2782 3529 0
e 2783 3505 2802 3529 0
  2802 3505 2817 3541 0
d 2817 3505 2840 3541 0
e 2843 3505 2862 3529 0
v 2862 3505 2888 3528 0
e 2889 3505 2908 3529 0
l 2910 3506 2920 3541 0
o 2923 3505 2945 3529 0
p 2948 3495 2970 3529 0
m 2973 3505 3009 3529 0
e 3011 3504 3030 3528 0
n 3032 3505 3055 3528 0
t 3055 3504 3069 3534 0
. 3074 3504 3078 3508 0
	 3078 3507 3079 3508 0
S 109 3430 130 3465 0
e 135 3430 154 3454 0
e 157 3430 176 3454 0
  176 3430 190 3463 0
R 190 3430 225 3463 0
e 225 3429 244 3453 0
l 246 3430 256 3465 0
e 259 3429 278 3453 0
a 281 3429 301 3453 0
s 304 3429 319 3453 0
e 322 3429 341 3453 0
  341 3429 354 3463 0
N 354 3429 391 3463 0
o 393 3428 415 3453 0
t 417 3428 431 3458 0
e 434 3428 453 3452 0
s 457 3428 472 3452 0
  472 3428 488 3452 0
a 488 3428 508 3452 0
n 509 3429 532 3452 0
d 533 3428 556 3464 0
  556 3428 572 3464 0
C 572 3428 601 3463 0
h 604 3428 627 3464 0
a 629 3427 649 3451 0
n 650 3428 673 3451 0
g 674 3417 697 3451 0
e 700 3427 719 3451 0
  719 3427 733 3461 0
L 733 3428 762 3461 0
o 765 3427 787 3451 0
g 790 3417 813 3451 0
  813 3417 828 3463 0
f 828 3427 848 3463 0
o 844 3426 866 3450 0
r 869 3427 885 3450 0
  885 3427 899 3450 0
m 899 3427 935 3450 0
o 937 3426 959 3450 0
r 962 3427 978 3450 0
e 980 3426 999 3450 0
  999 3426 1014 3462 0
d 1014 3426 1037 3462 0
e 1040 3425 1059 3450 0
t 1060 3425 1074 3455 0
a 1077 3425 1097 3449 0
i 1098 3426 1108 3461 0
l 1110 3426 1120 3461 0
s 1124 3425 1139 3449 0
  1139 3425 1155 3449 0
o 1155 3425 1177 3449 0
f 1180 3426 1200 3461 0
  1200 3425 1207 3461 0
t 1207 3425 1221 3455 0
h 1223 3426 1246 3461 0
e 1248 3424 1267 3449 0
  1267 3424 1282 3449 0
r 1282 3425 1298 3448 0
e 1300 3424 1319 3448 0
l 1321 3425 1331 3460 0
e 1334 3424 1353 3448 0
a 1356 3424 1376 3448 0
s 1379 3424 1394 3448 0
e 1397 3424 1416 3448 0
s 1420 3424 1435 3448 0
. 1440 3424 1444 3428 0
