X 112 4662 140 4696 0
X 140 4661 160 4686 0
X 163 4661 179 4686 0
X 182 4661 198 4686 0
X 200 4661 220 4686 0
X 222 4662 238 4686 0
X 239 4661 259 4686 0
X 261 4661 280 4686 0
X 282 4661 295 4691 0
X 311 4660 344 4696 0
X 347 4660 376 4696 0
X 379 4661 412 4695 0
	412 4695 412 4695 0
X 111 4574 145 4609 0
X 146 4573 168 4610 0
X 171 4573 194 4598 0
X 196 4573 218 4597 0
X 221 4573 234 4603 0
	234 4603 234 4603 0
X 111 4486 139 4521 0
X 142 4486 164 4522 0
X 166 4486 175 4510 0
X 168 4516 173 4522 0
X 179 4485 195 4510 0
X 210 4475 232 4510 0
X 235 4485 255 4510 0
X 257 4485 277 4510 0
X 279 4485 302 4521 0
X 304 4484 324 4510 0
X 325 4474 349 4509 0
X 351 4484 371 4509 0
X 386 4484 406 4509 0
X 408 4484 431 4509 0
X 434 4485 456 4509 0
X 457 4484 470 4514 0
X 473 4484 493 4509 0
X 495 4484 504 4508 0
X 496 4515 502 4520 0
X 507 4484 529 4509 0
X 532 4483 548 4508 0
X 563 4483 583 4508 0
X 585 4484 607 4508 0
X 622 4483 655 4519 0
X 658 4483 687 4519 0
X 691 4483 723 4518 0
X 737 4482 757 4508 0
X 759 4483 781 4507 0
X 782 4472 806 4507 0
X 808 4483 817 4507 0
X 809 4513 815 4519 0
X 820 4483 842 4507 0
X 844 4482 864 4507 0
X 879 4492 893 4497 0
X 909 4482 918 4518 0
X 921 4482 930 4506 0
X 922 4513 928 4519 0
X 932 4481 954 4518 0
X 956 4481 969 4512 0
X 972 4481 992 4506 0
X 995 4481 1011 4506 0
X 1014 4481 1030 4506 0
X 1032 4481 1052 4506 0
X 1054 4482 1070 4506 0
X 1071 4481 1091 4506 0
X 1093 4481 1113 4506 0
X 1114 4481 1127 4511 0
X 1143 4480 1164 4506 0
X 1165 4481 1187 4506 0
X 1189 4480 1211 4517 0
X 1227 4480 1247 4505 0
X 1262 4480 1282 4505 0
X 1284 4480 1307 4505 0
X 1310 4480 1345 4505 0
X 1347 4480 1382 4505 0
X 1384 4479 1405 4505 0
X 1406 4480 1428 4504 0
X 1430 4479 1452 4516 0
X 1468 4480 1477 4516 0
X 1480 4480 1489 4504 0
X 1481 4510 1487 4516 0
X 1492 4480 1514 4504 0
X 1516 4479 1536 4504 0
X 1551 4468 1573 4504 0
X 1576 4479 1592 4504 0
X 1593 4478 1616 4504 0
X 1618 4468 1642 4504 0
X 1644 4479 1660 4503 0
X 1661 4478 1681 4503 0
X 1683 4479 1718 4503 0
X 1733 4488 1747 4493 0
X 1762 4478 1776 4508 0
X 1778 4477 1798 4503 0
X 1801 4477 1817 4503 0
X 1820 4477 1836 4503 0
X 1838 4477 1858 4503 0
X 1860 4478 1876 4502 0
X 1877 4477 1898 4502 0
X 1899 4477 1919 4502 0
X 1920 4477 1933 4507 0
X 1938 4477 1943 4482 0
	1943 4482 1943 4482 0
X 111 4398 139 4433 0
X 142 4398 164 4434 0
X 166 4397 186 4422 0
X 201 4398 210 4434 0
X 213 4397 233 4422 0
X 235 4397 255 4422 0
X 257 4397 279 4433 0
X 295 4397 317 4433 0
X 320 4396 340 4421 0
X 340 4397 364 4420 0
X 366 4396 386 4421 0
X 388 4397 396 4433 0
X 400 4396 423 4421 0
X 426 4386 448 4421 0
X 451 4396 471 4421 0
X 473 4397 489 4421 0
X 503 4396 512 4420 0
X 504 4427 510 4432 0
X 516 4395 532 4421 0
X 546 4396 579 4431 0
X 580 4395 600 4420 0
X 600 4385 623 4419 0
X 640 4395 662 4431 0
X 666 4396 701 4420 0
X 703 4395 712 4419 0
X 704 4426 710 4432 0
X 714 4395 727 4425 0
X 730 4395 751 4431 0
X 756 4395 761 4399 0
X 779 4395 807 4429 0
X 810 4395 832 4431 0
X 834 4394 854 4419 0
X 869 4395 904 4419 0
X 906 4394 926 4419 0
X 928 4394 937 4418 0
X 929 4425 935 4430 0
X 940 4394 962 4419 0
X 963 4393 976 4424 0
X 979 4393 999 4418 0
X 1001 4394 1010 4418 0
X 1002 4424 1008 4430 0
X 1013 4394 1035 4418 0
X 1037 4393 1057 4418 0
X 1059 4394 1075 4418 0
X 1089 4394 1098 4418 0
X 1090 4424 1096 4430 0
X 1102 4393 1118 4418 0
X 1131 4393 1159 4428 0
X 1163 4392 1185 4429 0
X 1188 4392 1208 4418 0
X 1210 4393 1232 4417 0
X 1234 4393 1257 4429 0
X 1259 4392 1282 4417 0
X 1297 4393 1323 4427 0
X 1326 4392 1349 4417 0
X 1352 4391 1374 4428 0
X 1377 4391 1400 4417 0
X 1402 4391 1424 4428 0
X 1427 4392 1449 4416 0
X 1449 4381 1472 4415 0
X 1473 4391 1478 4396 0
X 1496 4392 1521 4426 0
X 1524 4391 1547 4416 0
X 1550 4391 1566 4416 0
X 1580 4390 1600 4416 0
X 1615 4391 1624 4427 0
X 1627 4391 1636 4415 0
X 1628 4421 1634 4427 0
X 1639 4390 1656 4415 0
X 1657 4390 1670 4421 0
X 1686 4390 1709 4415 0
X 1711 4391 1732 4427 0
X 1740 4390 1760 4415 0
X 1762 4390 1785 4415 0
X 1788 4390 1810 4415 0
X 1810 4389 1824 4420 0
X 1827 4390 1853 4414 0
X 1845 4420 1851 4426 0
X 1855 4389 1877 4426 0
X 1879 4389 1902 4413 0
X 1904 4389 1917 4419 0
X 1920 4389 1943 4414 0
X 1946 4390 1962 4414 0
X 1963 4389 1980 4414 0
X 1995 4388 2012 4414 0
X 2014 4388 2034 4414 0
X 2036 4388 2056 4414 0
X 2067 4389 2101 4424 0
X 2102 4388 2137 4423 0
X 2139 4389 2167 4423 0
X 2169 4388 2204 4423 0
X 2206 4387 2239 4424 0
X 2241 4388 2274 4423 0
X 2276 4387 2299 4424 0
X 2316 4387 2336 4412 0
X 2338 4388 2360 4412 0
X 2362 4387 2384 4424 0
X 2400 4386 2445 4423 0
X 2437 4418 2443 4424 0
X 2446 4386 2460 4417 0
X 2462 4387 2497 4422 0
X 2498 4386 2521 4411 0
X 2523 4386 2545 4423 0
X 2548 4407 2553 4422 0
X 2556 4386 2573 4411 0
X 2588 4387 2597 4423 0
X 2600 4386 2623 4411 0
X 2625 4375 2649 4411 0
X 2664 4385 2687 4411 0
X 2689 4386 2710 4423 0
X 2717 4385 2738 4411 0
X 2739 4385 2763 4410 0
X 2766 4386 2788 4410 0
X 2788 4385 2802 4416 0
X 2804 4385 2831 4410 0
X 2823 4416 2829 4422 0
X 2833 4384 2855 4422 0
X 2857 4384 2880 4409 0
X 2881 4384 2895 4415 0
X 2898 4384 2921 4410 0
X 2923 4385 2940 4410 0
X 2941 4384 2958 4410 0
X 2962 4384 2967 4389 0
	2967 4389 2967 4389 0
X 110 4310 139 4345 0
X 138 4309 158 4334 0
X 161 4309 177 4334 0
X 180 4309 196 4334 0
X 198 4309 218 4334 0
X 220 4310 236 4334 0
X 237 4309 257 4334 0
X 259 4309 279 4334 0
X 280 4309 293 4339 0
X 309 4309 331 4345 0
X 333 4308 353 4333 0
X 356 4308 372 4333 0
X 387 4308 409 4332 0
X 412 4309 434 4333 0
X 436 4309 445 4333 0
X 438 4339 443 4345 0
X 448 4308 468 4333 0
X 470 4308 493 4333 0
X 496 4308 518 4344 0
X 521 4307 541 4332 0
X 556 4298 570 4343 0
X 573 4307 607 4342 0
X 609 4308 638 4342 0
X 640 4308 665 4342 0
X 667 4317 681 4322 0
X 685 4308 705 4342 0
X 710 4298 724 4343 0
X 740 4306 756 4331 0
X 758 4306 780 4331 0
X 783 4296 805 4331 0
X 808 4296 831 4331 0
X 833 4306 857 4331 0
X 859 4306 888 4336 0
X 891 4298 899 4311 0
X 917 4306 938 4331 0
X 939 4306 961 4331 0
X 963 4305 985 4342 0
X 1001 4305 1021 4330 0
X 1023 4305 1044 4330 0
X 1045 4306 1067 4330 0
X 1082 4306 1098 4330 0
X 1099 4305 1119 4330 0
X 1121 4304 1141 4330 0
X 1143 4304 1167 4330 0
X 1168 4294 1192 4330 0
X 1194 4305 1216 4329 0
X 1218 4305 1227 4329 0
X 1219 4335 1225 4341 0
X 1230 4305 1251 4328 0
X 1252 4304 1272 4329 0
X 1287 4305 1322 4329 0
X 1324 4304 1348 4329 0
X 1350 4304 1366 4329 0
X 1367 4303 1387 4329 0
X 1401 4303 1415 4334 0
X 1417 4304 1439 4340 0
X 1441 4303 1462 4328 0
X 1463 4304 1485 4328 0
X 1506 4304 1517 4338 0
X 1525 4304 1548 4338 0
X 1550 4303 1573 4338 0
X 1588 4303 1597 4339 0
X 1600 4302 1621 4328 0
X 1622 4303 1644 4327 0
X 1645 4292 1693 4327 0
X 1696 4302 1717 4327 0
X 1717 4292 1741 4327 0
X 1743 4302 1763 4327 0
X 1766 4301 1783 4327 0
X 1799 4323 1805 4338 0
X 1807 4323 1813 4337 0
X 1817 4301 1841 4327 0
X 1843 4301 1865 4326 0
X 1867 4301 1881 4332 0
X 1896 4301 1920 4326 0
X 1922 4302 1943 4338 0
X 1949 4301 1963 4331 0
X 1965 4301 1988 4338 0
X 1989 4300 2010 4326 0
X 2023 4300 2046 4337 0
X 2048 4300 2072 4326 0
X 2073 4301 2096 4325 0
X 2100 4321 2106 4336 0
X 2108 4321 2114 4336 0
X 2120 4300 2125 4305 0
	2125 4305 2125 4305 0
X 110 4222 138 4256 0
X 138 4221 158 4246 0
X 161 4221 177 4246 0
X 180 4221 196 4246 0
X 198 4221 218 4246 0
X 220 4222 236 4246 0
X 237 4221 257 4246 0
X 259 4221 279 4246 0
X 280 4221 293 4251 0
X 310 4220 326 4245 0
X 327 4220 350 4245 0
X 353 4210 375 4245 0
X 378 4210 400 4245 0
X 403 4220 426 4245 0
X 429 4220 458 4250 0
X 462 4220 478 4245 0
X 492 4220 515 4244 0
X 517 4219 537 4245 0
X 539 4220 555 4244 0
X 556 4220 565 4244 0
X 557 4250 563 4256 0
X 568 4219 591 4244 0
X 593 4219 616 4243 0
X 620 4219 636 4244 0
X 651 4219 674 4244 0
X 676 4219 699 4243 0
X 701 4219 714 4249 0
X 717 4208 739 4244 0
X 741 4218 764 4243 0
X 766 4218 779 4249 0
X 794 4219 815 4255 0
X 810 4218 833 4243 0
X 836 4219 852 4243 0
X 853 4219 888 4243 0
X 890 4218 910 4243 0
X 911 4218 924 4248 0
X 928 4217 944 4243 0
X 949 4238 954 4242 0
X 949 4218 954 4222 0
X 973 4207 995 4242 0
X 998 4218 1007 4254 0
X 1010 4217 1030 4242 0
X 1032 4218 1041 4242 0
X 1033 4248 1039 4254 0
X 1044 4218 1066 4242 0
X 1068 4227 1082 4232 0
X 1084 4217 1097 4247 0
X 1100 4217 1120 4242 0
X 1121 4217 1144 4241 0
X 1144 4217 1158 4247 0
X 1161 4209 1169 4222 0
X 1187 4217 1209 4253 0
X 1211 4216 1234 4241 0
X 1237 4216 1257 4241 0
X 1259 4217 1275 4241 0
X 1276 4207 1290 4252 0
X 1293 4217 1315 4253 0
X 1316 4216 1329 4246 0
X 1332 4216 1367 4241 0
X 1369 4216 1378 4252 0
X 1381 4206 1395 4252 0
X 1398 4208 1406 4220 0
X 1424 4205 1446 4240 0
X 1449 4215 1471 4252 0
X 1473 4216 1494 4252 0
X 1489 4208 1497 4220 0
X 1514 4215 1527 4245 0
X 1531 4215 1547 4240 0
X 1547 4215 1572 4239 0
X 1570 4207 1578 4220 0
X 1596 4215 1605 4239 0
X 1597 4246 1603 4252 0
X 1608 4215 1630 4240 0
X 1630 4215 1665 4239 0
X 1657 4245 1663 4251 0
X 1669 4214 1685 4239 0
X 1687 4215 1696 4239 0
X 1688 4245 1694 4251 0
X 1698 4214 1720 4251 0
X 1723 4215 1732 4251 0
X 1735 4214 1755 4239 0
X 1757 4223 1771 4229 0
X 1773 4213 1786 4244 0
X 1789 4213 1809 4239 0
X 1810 4213 1847 4244 0
X 1850 4223 1864 4229 0
X 1867 4213 1890 4238 0
X 1893 4214 1915 4238 0
X 1917 4214 1926 4250 0
X 1927 4203 1951 4237 0
X 1965 4202 1987 4238 0
X 1990 4212 2012 4249 0
X 2014 4213 2035 4250 0
X 2032 4212 2037 4217 0
	2037 4217 2037 4217 0
X 110 4134 143 4169 0
X 140 4133 164 4158 0
X 166 4133 188 4157 0
X 205 4133 222 4158 0
X 224 4134 245 4170 0
X 247 4133 271 4158 0
X 273 4133 295 4157 0
X 299 4133 307 4169 0
X 310 4132 332 4169 0
X 349 4133 370 4157 0
X 372 4132 396 4157 0
X 398 4132 411 4162 0
X 413 4132 434 4157 0
X 447 4132 461 4162 0
X 464 4132 485 4168 0
X 487 4132 508 4157 0
X 508 4132 522 4162 0
X 538 4132 546 4156 0
X 539 4163 545 4168 0
X 550 4132 571 4156 0
X 587 4132 621 4156 0
X 623 4131 644 4156 0
X 646 4132 667 4156 0
X 668 4121 691 4155 0
X 705 4130 725 4156 0
X 727 4130 748 4156 0
X 750 4130 767 4155 0
X 768 4130 789 4155 0
X 791 4130 808 4155 0
X 810 4123 818 4135 0
X 836 4131 844 4155 0
X 837 4161 843 4167 0
X 848 4131 869 4155 0
X 884 4130 908 4155 0
X 911 4130 926 4155 0
X 927 4129 950 4166 0
X 952 4129 973 4155 0
X 975 4130 990 4154 0
X 1003 4129 1017 4160 0
X 1019 4129 1043 4154 0
X 1057 4119 1082 4154 0
X 1083 4129 1104 4154 0
X 1104 4129 1118 4159 0
X 1133 4128 1155 4165 0
X 1157 4128 1178 4154 0
X 1178 4128 1192 4159 0
X 1193 4128 1207 4159 0
X 1209 4128 1230 4153 0
X 1231 4129 1247 4153 0
X 1261 4128 1295 4164 0
X 1297 4128 1327 4164 0
X 1330 4128 1363 4163 0
X 1376 4128 1392 4153 0
X 1393 4127 1414 4153 0
X 1416 4127 1433 4152 0
X 1434 4127 1456 4151 0
X 1460 4128 1468 4164 0
X 1470 4127 1484 4157 0
X 1487 4127 1504 4152 0
X 1506 4119 1514 4132 0
X 1530 4117 1553 4151 0
X 1554 4126 1578 4152 0
X 1580 4126 1603 4151 0
X 1605 4148 1611 4162 0
X 1614 4127 1622 4163 0
X 1625 4127 1635 4163 0
X 1651 4127 1672 4151 0
X 1674 4126 1695 4151 0
X 1696 4126 1717 4151 0
X 1718 4126 1741 4163 0
X 1755 4126 1769 4156 0
X 1771 4125 1795 4151 0
X 1810 4126 1820 4150 0
X 1812 4157 1818 4163 0
X 1823 4126 1858 4151 0
X 1859 4115 1882 4150 0
X 1884 4126 1900 4150 0
X 1901 4125 1925 4150 0
X 1926 4125 1950 4149 0
X 1951 4125 1972 4150 0
X 1985 4124 1999 4155 0
X 2001 4125 2024 4162 0
X 2025 4124 2046 4150 0
X 2060 4114 2083 4150 0
X 2085 4124 2108 4149 0
X 2110 4124 2131 4149 0
X 2132 4125 2142 4161 0
X 2145 4125 2154 4149 0
X 2146 4155 2152 4161 0
X 2155 4114 2193 4154 0
X 2207 4123 2231 4149 0
X 2233 4124 2254 4161 0
X 2260 4123 2274 4154 0
X 2276 4124 2299 4160 0
X 2300 4123 2321 4148 0
X 2335 4124 2345 4148 0
X 2337 4154 2343 4160 0
X 2347 4124 2383 4148 0
X 2384 4123 2405 4148 0
X 2405 4112 2430 4148 0
X 2431 4122 2452 4148 0
X 2465 4112 2488 4147 0
X 2489 4122 2513 4148 0
X 2514 4122 2538 4147 0
X 2553 4122 2574 4147 0
X 2575 4123 2592 4147 0
X 2592 4121 2613 4147 0
X 2626 4111 2651 4147 0
X 2652 4122 2662 4147 0
X 2654 4152 2660 4159 0
X 2663 4122 2698 4146 0
X 2689 4152 2696 4159 0
X 2700 4122 2723 4147 0
X 2723 4111 2748 4147 0
X 2761 4122 2790 4156 0
X 2789 4121 2810 4146 0
X 2812 4120 2829 4146 0
X 2831 4120 2848 4146 0
X 2849 4120 2870 4146 0
X 2871 4121 2888 4146 0
X 2888 4120 2909 4146 0
X 2910 4120 2931 4146 0
X 2931 4120 2945 4151 0
X 2950 4120 2955 4125 0
	2955 4125 2955 4125 0
X 109 4046 137 4081 0
X 140 4046 162 4082 0
X 164 4046 173 4070 0
X 165 4076 171 4082 0
X 177 4045 193 4070 0
X 208 4035 230 4070 0
X 233 4046 249 4070 0
X 250 4045 273 4070 0
X 270 4035 283 4069 0
X 277 4076 283 4082 0
X 288 4044 308 4070 0
X 310 4044 330 4070 0
X 331 4044 344 4074 0
X 360 4044 382 4081 0
X 385 4044 408 4069 0
X 411 4044 431 4069 0
X 434 4044 450 4069 0
X 465 4044 487 4069 0
X 489 4043 512 4069 0
X 514 4043 527 4074 0
X 543 4044 552 4068 0
X 544 4074 550 4080 0
X 555 4044 577 4068 0
X 579 4043 599 4068 0
X 601 4044 610 4080 0
X 612 4043 635 4067 0
X 638 4043 660 4080 0
X 663 4043 683 4068 0
X 698 4043 719 4068 0
X 733 4042 768 4079 0
X 769 4042 803 4078 0
X 805 4043 819 4077 0
X 835 4042 855 4067 0
X 857 4032 879 4067 0
X 882 4032 904 4067 0
X 907 4042 916 4079 0
X 919 4042 928 4066 0
X 920 4073 926 4079 0
X 931 4041 951 4067 0
X 953 4041 974 4067 0
X 974 4041 987 4072 0
X 990 4042 999 4066 0
X 991 4072 997 4078 0
X 1002 4041 1025 4066 0
X 1028 4042 1050 4066 0
X 1054 4041 1059 4046 0
X 1078 4042 1092 4076 0
X 1094 4041 1115 4078 0
X 1122 4031 1145 4065 0
X 1146 4040 1169 4066 0
X 1171 4040 1194 4065 0
X 1210 4041 1232 4065 0
X 1234 4040 1254 4065 0
X 1256 4040 1276 4065 0
X 1278 4040 1300 4077 0
X 1316 4040 1339 4065 0
X 1342 4040 1364 4065 0
X 1366 4039 1386 4065 0
X 1388 4032 1396 4044 0
X 1414 4029 1436 4064 0
X 1439 4040 1448 4076 0
X 1451 4039 1471 4064 0
X 1473 4039 1493 4064 0
X 1496 4039 1512 4064 0
X 1514 4039 1534 4064 0
X 1550 4038 1566 4064 0
X 1568 4038 1588 4064 0
X 1590 4038 1610 4064 0
X 1624 4038 1638 4069 0
X 1640 4039 1662 4075 0
X 1664 4038 1684 4063 0
X 1699 4039 1718 4073 0
X 1724 4039 1740 4063 0
X 1741 4038 1763 4075 0
X 1765 4038 1791 4073 0
X 1794 4037 1815 4063 0
X 1816 4027 1870 4068 0
X 1883 4037 1929 4062 0
X 1921 4068 1927 4074 0
X 1932 4038 1956 4074 0
X 1957 4038 1966 4062 0
X 1958 4068 1964 4074 0
X 1982 4026 2004 4062 0
X 2007 4036 2028 4062 0
X 2028 4026 2052 4062 0
X 2054 4036 2074 4062 0
X 2078 4036 2083 4041 0
	2083 4041 2083 4041 0
X 109 3958 137 3993 0
X 137 3957 157 3982 0
X 160 3957 176 3982 0
X 179 3957 195 3982 0
X 197 3957 217 3982 0
X 219 3958 234 3982 0
X 236 3957 256 3982 0
X 258 3957 277 3982 0
X 279 3957 292 3987 0
X 308 3956 327 3982 0
X 330 3956 350 3981 0
X 352 3957 374 3981 0
X 388 3956 410 3993 0
X 413 3956 433 3981 0
X 447 3956 460 3986 0
X 463 3957 479 3981 0
X 480 3956 500 3981 0
X 502 3956 511 3980 0
X 503 3987 509 3992 0
X 514 3956 536 3981 0
X 538 3955 558 3980 0
X 560 3955 582 3992 0
X 597 3955 610 3985 0
X 613 3955 636 3980 0
X 652 3956 667 3980 0
X 669 3955 689 3980 0
X 691 3955 710 3980 0
X 713 3954 736 3980 0
X 738 3944 762 3980 0
X 764 3955 785 3979 0
X 788 3955 797 3979 0
X 789 3985 795 3991 0
X 799 3955 820 3978 0
X 822 3954 842 3979 0
X 857 3954 880 3979 0
X 882 3954 895 3984 0
X 898 3954 920 3990 0
X 922 3953 942 3979 0
X 944 3954 960 3979 0
X 974 3954 982 3990 0
X 986 3953 1006 3978 0
X 1008 3954 1030 3978 0
X 1031 3943 1055 3978 0
X 1056 3953 1079 3977 0
X 1082 3953 1102 3978 0
X 1103 3943 1127 3978 0
X 1129 3952 1149 3978 0
X 1151 3952 1168 3978 0
X 1172 3952 1177 3957 0
X 1197 3952 1220 3989 0
X 1224 3952 1244 3977 0
X 1246 3952 1266 3977 0
X 1280 3953 1308 3987 0
X 1308 3952 1328 3977 0
X 1330 3951 1347 3977 0
X 1349 3951 1366 3977 0
X 1368 3951 1388 3977 0
X 1390 3952 1406 3976 0
X 1407 3951 1427 3976 0
X 1428 3951 1448 3976 0
X 1449 3951 1463 3981 0
X 1478 3952 1506 3986 0
X 1507 3952 1523 3976 0
X 1524 3951 1544 3976 0
X 1546 3951 1555 3976 0
X 1547 3982 1553 3988 0
X 1558 3951 1580 3976 0
X 1582 3951 1591 3975 0
X 1583 3982 1589 3988 0
X 1594 3951 1616 3976 0
X 1617 3940 1641 3976 0
X 1655 3951 1676 3987 0
X 1671 3950 1694 3975 0
X 1697 3951 1713 3975 0
X 1727 3950 1762 3975 0
X 1764 3949 1787 3975 0
X 1790 3950 1806 3975 0
X 1807 3949 1827 3975 0
X 1842 3950 1851 3974 0
X 1843 3980 1849 3986 0
X 1854 3950 1876 3974 0
X 1877 3950 1898 3986 0
X 1893 3949 1916 3974 0
X 1919 3949 1971 3974 0
X 1973 3949 1993 3974 0
X 1993 3948 2007 3979 0
X 2010 3949 2019 3973 0
X 2011 3980 2017 3986 0
X 2021 3948 2045 3974 0
X 2048 3949 2070 3974 0
X 2074 3948 2079 3953 0
	2079 3953 2079 3953 0
X 108 3870 137 3905 0
X 141 3870 157 3894 0
X 158 3870 167 3894 0
X 160 3900 165 3906 0
X 170 3869 190 3894 0
X 192 3870 212 3906 0
X 220 3870 242 3906 0
X 244 3870 253 3894 0
X 246 3900 251 3906 0
X 257 3869 273 3894 0
X 274 3869 287 3899 0
X 290 3868 313 3894 0
X 316 3858 355 3893 0
	355 3893 355 3893 0
X 108 3782 136 3817 0
X 136 3781 156 3806 0
X 159 3781 175 3806 0
X 178 3781 194 3806 0
X 196 3781 216 3806 0
X 218 3782 234 3806 0
X 235 3781 255 3806 0
X 257 3781 276 3806 0
X 278 3781 291 3811 0
X 306 3781 341 3805 0
X 343 3780 363 3805 0
X 366 3780 382 3805 0
X 397 3780 420 3805 0
X 423 3781 439 3805 0
X 440 3781 449 3805 0
X 441 3811 447 3817 0
X 451 3770 475 3805 0
X 477 3780 486 3804 0
X 478 3811 484 3817 0
X 489 3780 511 3805 0
X 513 3779 533 3805 0
X 535 3780 544 3816 0
X 547 3780 556 3816 0
X 557 3769 580 3804 0
X 595 3779 617 3816 0
X 620 3779 640 3804 0
X 641 3779 664 3803 0
X 666 3779 686 3804 0
X 688 3779 697 3815 0
X 700 3779 723 3804 0
X 726 3768 748 3804 0
X 751 3778 771 3804 0
X 773 3778 795 3815 0
X 811 3778 831 3803 0
X 832 3778 845 3808 0
X 860 3779 895 3813 0
X 897 3778 917 3803 0
X 918 3778 954 3802 0
X 955 3778 964 3814 0
X 967 3777 987 3802 0
X 988 3777 1001 3808 0
X 1003 3777 1016 3807 0
X 1019 3787 1033 3792 0
X 1035 3778 1061 3812 0
X 1064 3777 1084 3802 0
X 1086 3777 1106 3802 0
X 1108 3777 1131 3814 0
X 1133 3776 1153 3802 0
X 1155 3777 1171 3802 0
X 1172 3776 1194 3813 0
X 1209 3777 1237 3812 0
X 1240 3776 1260 3801 0
X 1261 3776 1283 3813 0
X 1286 3776 1309 3801 0
X 1312 3776 1328 3801 0
X 1329 3776 1349 3801 0
X 1350 3776 1363 3806 0
X 1366 3775 1389 3801 0
X 1392 3776 1418 3800 0
X 1410 3806 1416 3812 0
X 1421 3775 1441 3800 0
X 1444 3775 1460 3800 0
X 1474 3776 1504 3810 0
X 1508 3776 1534 3800 0
X 1526 3806 1532 3812 0
X 1538 3775 1554 3800 0
X 1555 3775 1568 3805 0
X 1571 3774 1594 3800 0
X 1597 3775 1606 3811 0
X 1622 3774 1643 3800 0
X 1644 3775 1666 3799 0
X 1668 3774 1690 3811 0
X 1706 3774 1726 3799 0
X 1727 3774 1740 3804 0
X 1755 3774 1790 3809 0
X 1792 3773 1812 3799 0
X 1813 3774 1849 3798 0
X 1850 3774 1859 3810 0
X 1862 3773 1882 3798 0
X 1882 3773 1896 3803 0
X 1897 3773 1911 3803 0
X 1914 3783 1928 3788 0
X 1930 3774 1956 3808 0
X 1959 3773 1979 3798 0
X 1981 3772 2001 3798 0
X 2003 3773 2026 3810 0
X 2028 3772 2049 3798 0
X 2050 3773 2066 3798 0
X 2067 3772 2089 3809 0
X 2105 3772 2134 3808 0
X 2138 3772 2161 3797 0
X 2164 3764 2172 3777 0
X 2190 3771 2242 3808 0
X 2243 3771 2263 3797 0
X 2265 3771 2285 3797 0
X 2287 3772 2296 3808 0
X 2299 3771 2319 3796 0
X 2319 3761 2343 3795 0
X 2357 3771 2386 3807 0
X 2390 3771 2413 3796 0
X 2416 3771 2425 3808 0
X 2428 3770 2451 3796 0
X 2454 3771 2470 3796 0
X 2471 3770 2491 3796 0
X 2493 3770 2515 3807 0
X 2518 3770 2541 3796 0
X 2556 3770 2578 3807 0
X 2581 3770 2601 3795 0
X 2601 3770 2615 3800 0
X 2617 3770 2653 3794 0
X 2654 3769 2674 3795 0
X 2676 3769 2696 3795 0
X 2698 3770 2720 3795 0
X 2740 3770 2752 3804 0
X 2760 3770 2782 3804 0
X 2786 3770 2806 3804 0
X 2811 3769 2830 3804 0
X 2848 3768 2892 3794 0
X 2894 3768 2916 3805 0
X 2937 3769 2949 3803 0
X 2957 3769 2979 3803 0
X 2982 3769 3004 3803 0
X 3006 3768 3029 3803 0
X 3032 3760 3040 3773 0
X 3057 3768 3103 3793 0
X 3095 3798 3101 3805 0
X 3104 3767 3119 3798 0
X 3120 3768 3143 3804 0
X 3158 3767 3175 3793 0
X 3177 3767 3200 3792 0
X 3203 3767 3238 3792 0
X 3240 3766 3260 3792 0
X 3274 3767 3310 3792 0
X 3312 3766 3335 3792 0
X 3337 3767 3354 3792 0
X 3355 3766 3375 3792 0
	3375 3792 3375 3792 0
X 107 3693 127 3718 0
X 130 3694 151 3730 0
X 153 3693 174 3718 0
X 176 3694 197 3718 0
X 199 3683 222 3718 0
X 224 3693 244 3718 0
X 247 3693 263 3718 0
X 279 3693 313 3718 0
X 315 3692 336 3717 0
X 337 3692 359 3729 0
X 362 3692 382 3717 0
X 398 3693 406 3717 0
X 399 3723 405 3729 0
X 410 3693 431 3717 0
X 452 3693 463 3727 0
X 471 3693 494 3727 0
X 496 3692 519 3727 0
X 521 3692 544 3727 0
X 558 3691 572 3721 0
X 574 3691 598 3716 0
X 614 3681 636 3716 0
X 638 3691 662 3716 0
X 665 3691 694 3721 0
X 708 3690 722 3721 0
X 724 3690 748 3716 0
X 762 3690 814 3727 0
X 807 3691 815 3715 0
X 819 3691 840 3715 0
X 842 3690 864 3727 0
X 867 3690 891 3715 0
X 893 3690 928 3714 0
X 930 3689 947 3715 0
X 949 3682 957 3695 0
X 974 3689 995 3715 0
X 997 3690 1018 3714 0
X 1020 3689 1042 3726 0
X 1059 3689 1076 3714 0
X 1077 3689 1101 3714 0
X 1103 3689 1138 3714 0
X 1140 3688 1161 3714 0
X 1175 3688 1205 3725 0
X 1208 3693 1234 3720 0
X 1236 3693 1262 3720 0
X 1265 3689 1273 3713 0
X 1266 3719 1272 3725 0
X 1276 3689 1297 3712 0
X 1298 3689 1307 3713 0
X 1300 3719 1306 3725 0
X 1310 3688 1332 3713 0
X 1333 3677 1358 3713 0
X 1372 3688 1382 3712 0
X 1374 3718 1380 3725 0
X 1384 3688 1406 3713 0
X 1427 3688 1438 3722 0
X 1446 3688 1469 3722 0
X 1471 3688 1494 3722 0
X 1497 3688 1518 3722 0
X 1523 3687 1528 3692 0
X 1548 3687 1562 3722 0
X 1564 3687 1587 3712 0
X 1601 3687 1623 3722 0
X 1626 3687 1649 3721 0
X 1651 3687 1674 3721 0
X 1678 3687 1697 3721 0
X 1713 3687 1742 3721 0
X 1741 3686 1762 3711 0
X 1764 3685 1781 3711 0
X 1783 3685 1800 3711 0
X 1801 3685 1822 3711 0
X 1823 3686 1840 3711 0
X 1840 3685 1861 3711 0
X 1862 3685 1882 3710 0
X 1883 3685 1897 3715 0
X 1912 3685 1947 3709 0
X 1948 3685 1969 3710 0
X 1971 3684 1988 3710 0
X 2002 3684 2026 3710 0
X 2028 3674 2051 3710 0
X 2053 3684 2074 3710 0
X 2075 3685 2098 3709 0
X 2113 3684 2130 3709 0
X 2131 3684 2155 3709 0
X 2156 3684 2180 3708 0
X 2182 3684 2199 3709 0
X 2199 3683 2219 3709 0
X 2221 3683 2242 3709 0
X 2243 3683 2266 3720 0
X 2280 3683 2303 3720 0
X 2304 3673 2327 3708 0
X 2341 3683 2403 3718 0
X 2402 3683 2407 3688 0
X 2427 3682 2450 3719 0
X 2453 3683 2463 3707 0
X 2454 3713 2461 3720 0
X 2465 3683 2488 3708 0
X 2489 3682 2510 3708 0
X 2511 3682 2532 3707 0
X 2546 3683 2568 3717 0
X 2571 3683 2594 3717 0
X 2596 3682 2619 3717 0
X 2621 3682 2644 3717 0
X 2659 3682 2669 3707 0
X 2660 3712 2667 3719 0
X 2670 3681 2684 3712 0
X 2699 3682 2709 3706 0
X 2700 3712 2707 3719 0
X 2712 3681 2729 3707 0
X 2743 3681 2766 3718 0
X 2768 3681 2789 3706 0
X 2789 3681 2813 3705 0
X 2814 3680 2835 3706 0
X 2836 3681 2846 3718 0
X 2848 3680 2872 3706 0
X 2874 3670 2897 3706 0
X 2899 3680 2920 3706 0
X 2921 3680 2944 3717 0
X 2958 3680 2981 3717 0
X 2982 3670 3005 3704 0
X 3019 3679 3055 3716 0
X 3055 3679 3079 3705 0
X 3081 3679 3105 3705 0
X 3106 3669 3131 3705 0
X 3132 3680 3142 3716 0
X 3144 3679 3165 3705 0
X 3168 3679 3174 3684 0
	3174 3684 3174 3684 0
X 107 3606 135 3641 0
X 138 3606 160 3642 0
X 162 3605 182 3630 0
X 197 3606 206 3642 0
X 209 3605 229 3630 0
X 230 3605 243 3635 0
X 246 3605 266 3630 0
X 269 3605 285 3630 0
X 286 3605 299 3635 0
X 316 3604 332 3629 0
X 333 3604 346 3635 0
X 349 3604 369 3629 0
X 370 3604 392 3641 0
X 395 3605 404 3641 0
X 407 3604 427 3629 0
X 441 3604 465 3628 0
X 466 3604 486 3629 0
X 488 3604 504 3629 0
X 506 3603 522 3629 0
X 524 3604 533 3628 0
X 525 3635 531 3640 0
X 536 3603 559 3629 0
X 562 3604 584 3628 0
X 599 3604 608 3628 0
X 600 3634 606 3640 0
X 612 3603 628 3628 0
X 643 3604 662 3638 0
X 670 3603 675 3608 0
X 681 3604 703 3638 0
X 707 3603 726 3638 0
X 733 3603 738 3607 0
X 744 3603 766 3637 0
X 774 3603 786 3637 0
X 794 3595 802 3607 0
X 820 3603 836 3627 0
X 837 3602 857 3627 0
X 859 3603 868 3639 0
X 871 3602 891 3627 0
X 893 3602 913 3627 0
X 916 3602 932 3627 0
X 934 3601 954 3627 0
X 956 3601 978 3638 0
X 994 3601 1017 3626 0
X 1020 3602 1042 3626 0
X 1056 3601 1074 3636 0
X 1075 3601 1098 3625 0
X 1101 3601 1123 3626 0
X 1125 3600 1145 3626 0
X 1165 3601 1177 3635 0
X 1185 3593 1193 3605 0
X 1210 3601 1233 3635 0
X 1236 3601 1258 3635 0
X 1266 3601 1278 3635 0
X 1287 3601 1308 3635 0
X 1313 3600 1318 3605 0
X 1336 3600 1365 3635 0
X 1367 3599 1387 3625 0
X 1388 3599 1401 3630 0
X 1404 3599 1424 3624 0
X 1427 3599 1443 3624 0
X 1444 3599 1457 3629 0
X 1474 3599 1490 3624 0
X 1492 3599 1515 3624 0
X 1517 3599 1540 3623 0
X 1543 3599 1559 3624 0
X 1560 3598 1580 3624 0
X 1582 3598 1602 3624 0
X 1617 3598 1637 3624 0
X 1639 3598 1662 3623 0
X 1665 3598 1687 3635 0
X 1690 3598 1710 3623 0
X 1724 3599 1745 3635 0
X 1740 3598 1763 3623 0
X 1766 3598 1782 3623 0
X 1796 3598 1815 3633 0
X 1823 3597 1828 3602 0
X 1834 3598 1856 3632 0
X 1860 3598 1879 3633 0
X 1897 3598 1906 3622 0
X 1898 3628 1904 3634 0
X 1910 3597 1926 3622 0
X 1941 3597 1962 3622 0
X 1962 3597 1986 3621 0
X 1987 3596 2008 3622 0
X 2009 3597 2018 3621 0
X 2010 3627 2016 3634 0
X 2021 3597 2030 3633 0
X 2033 3596 2054 3622 0
X 2054 3596 2076 3633 0
X 2079 3597 2088 3633 0
X 2091 3596 2111 3621 0
X 2125 3597 2157 3633 0
X 2158 3596 2181 3621 0
X 2184 3596 2219 3621 0
X 2234 3596 2253 3631 0
X 2261 3595 2266 3600 0
X 2272 3596 2295 3631 0
X 2298 3596 2317 3631 0
X 2334 3595 2356 3632 0
X 2359 3596 2375 3620 0
X 2376 3595 2397 3620 0
X 2398 3595 2420 3620 0
X 2422 3594 2442 3620 0
X 2444 3595 2466 3632 0
X 2481 3594 2504 3620 0
X 2507 3595 2529 3619 0
X 2544 3594 2589 3630 0
X 2581 3625 2587 3631 0
X 2591 3594 2605 3624 0
X 2606 3594 2641 3629 0
X 2642 3593 2666 3618 0
X 2667 3593 2690 3630 0
X 2694 3593 2699 3598 0
	2699 3598 2699 3598 0
X 108 3517 131 3553 0
X 135 3517 158 3542 0
X 160 3517 183 3541 0
X 186 3518 201 3542 0
X 203 3517 222 3542 0
X 225 3517 245 3542 0
X 260 3517 279 3542 0
X 282 3516 305 3542 0
X 308 3516 330 3553 0
X 333 3516 353 3541 0
X 367 3517 388 3553 0
X 383 3516 406 3541 0
X 409 3517 425 3541 0
X 438 3516 451 3546 0
X 454 3516 476 3552 0
X 478 3516 498 3541 0
X 513 3516 534 3540 0
X 537 3515 557 3540 0
X 558 3516 593 3539 0
X 607 3516 635 3550 0
X 639 3515 662 3551 0
X 666 3515 694 3550 0
X 696 3515 739 3550 0
X 753 3514 775 3551 0
X 778 3514 798 3539 0
X 800 3514 817 3539 0
X 819 3514 839 3539 0
X 840 3514 863 3551 0
X 878 3515 901 3549 0
X 906 3514 911 3519 0
X 916 3514 939 3549 0
X 953 3514 977 3538 0
X 979 3513 999 3538 0
X 1001 3514 1017 3538 0
X 1018 3513 1035 3538 0
X 1037 3514 1046 3538 0
X 1038 3544 1044 3550 0
X 1048 3513 1072 3538 0
X 1075 3514 1097 3538 0
X 1112 3513 1121 3537 0
X 1113 3544 1119 3550 0
X 1124 3512 1141 3538 0
X 1156 3512 1176 3538 0
X 1176 3513 1200 3537 0
X 1201 3512 1222 3537 0
X 1224 3513 1233 3537 0
X 1225 3543 1231 3549 0
X 1236 3513 1245 3549 0
X 1247 3512 1268 3537 0
X 1269 3512 1291 3549 0
X 1294 3513 1303 3549 0
X 1306 3512 1326 3537 0
X 1340 3512 1372 3549 0
X 1372 3511 1396 3537 0
X 1399 3512 1434 3536 0
X 1447 3511 1461 3542 0
X 1464 3512 1486 3548 0
X 1487 3511 1508 3536 0
X 1523 3511 1558 3536 0
X 1559 3510 1580 3536 0
X 1582 3510 1599 3536 0
X 1599 3510 1613 3541 0
X 1615 3510 1636 3536 0
X 1638 3511 1654 3535 0
X 1667 3510 1689 3547 0
X 1691 3511 1708 3535 0
X 1708 3510 1729 3535 0
X 1730 3510 1753 3535 0
X 1754 3509 1775 3535 0
X 1776 3510 1799 3546 0
X 1813 3509 1837 3535 0
X 1840 3510 1862 3534 0
X 1876 3509 1922 3545 0
X 1914 3540 1920 3546 0
X 1923 3509 1937 3539 0
X 1939 3509 1974 3544 0
X 1975 3508 1998 3533 0
X 2000 3508 2022 3545 0
X 2027 3509 2032 3514 0
X 2050 3509 2076 3544 0
X 2079 3509 2088 3545 0
X 2090 3508 2111 3533 0
X 2112 3508 2133 3533 0
X 2135 3508 2152 3533 0
X 2153 3508 2174 3533 0
X 2188 3508 2211 3533 0
X 2212 3507 2236 3533 0
X 2237 3507 2251 3538 0
X 2253 3507 2274 3533 0
X 2287 3507 2301 3538 0
X 2303 3508 2337 3544 0
X 2329 3538 2335 3544 0
X 2340 3507 2357 3532 0
X 2371 3507 2393 3544 0
X 2395 3507 2412 3532 0
X 2412 3506 2457 3532 0
X 2458 3506 2479 3532 0
X 2480 3507 2503 3543 0
X 2517 3507 2527 3531 0
X 2519 3537 2525 3543 0
X 2530 3506 2547 3531 0
X 2561 3506 2584 3530 0
X 2586 3506 2609 3531 0
X 2610 3505 2633 3543 0
X 2635 3505 2656 3531 0
X 2657 3506 2674 3531 0
X 2687 3505 2708 3531 0
X 2709 3505 2730 3531 0
X 2730 3505 2744 3536 0
X 2746 3506 2756 3530 0
X 2748 3536 2754 3542 0
X 2757 3505 2781 3529 0
X 2782 3505 2803 3530 0
X 2817 3504 2840 3542 0
X 2842 3504 2863 3530 0
X 2863 3505 2888 3529 0
X 2888 3504 2909 3530 0
X 2910 3505 2920 3541 0
X 2922 3504 2946 3530 0
X 2948 3494 2971 3529 0
X 2973 3504 3009 3529 0
X 3010 3504 3031 3529 0
X 3032 3504 3055 3529 0
X 3055 3503 3069 3534 0
X 3074 3503 3079 3509 0
	3079 3509 3079 3509 0
X 108 3429 130 3465 0
X 134 3429 154 3454 0
X 156 3429 176 3454 0
X 191 3430 223 3464 0
X 224 3429 244 3454 0
X 246 3430 255 3466 0
X 258 3429 278 3454 0
X 280 3429 301 3454 0
X 303 3428 319 3453 0
X 321 3428 341 3453 0
X 355 3429 390 3463 0
X 392 3428 415 3453 0
X 417 3428 430 3458 0
X 433 3428 453 3453 0
X 456 3428 472 3453 0
X 487 3428 508 3453 0
X 509 3428 531 3453 0
X 533 3427 555 3464 0
X 571 3427 600 3463 0
X 604 3428 626 3464 0
X 628 3427 649 3452 0
X 650 3428 672 3452 0
X 673 3417 697 3452 0
X 699 3427 719 3452 0
X 734 3427 762 3462 0
X 764 3426 788 3451 0
X 789 3416 813 3451 0
X 828 3427 848 3463 0
X 843 3426 866 3451 0
X 869 3427 885 3451 0
X 899 3426 934 3451 0
X 936 3425 959 3451 0
X 962 3426 978 3450 0
X 979 3425 999 3450 0
X 1014 3425 1036 3462 0
X 1039 3425 1059 3450 0
X 1060 3425 1074 3455 0
X 1076 3425 1097 3450 0
X 1098 3425 1107 3450 0
X 1099 3456 1105 3462 0
X 1110 3425 1119 3462 0
X 1123 3424 1139 3450 0
X 1154 3424 1178 3450 0
X 1179 3425 1200 3462 0
X 1207 3424 1221 3455 0
X 1223 3425 1245 3461 0
X 1247 3424 1267 3449 0
X 1282 3425 1298 3449 0
X 1299 3424 1319 3449 0
X 1321 3424 1330 3461 0
X 1333 3423 1353 3449 0
X 1355 3423 1376 3449 0
X 1378 3423 1394 3449 0
X 1396 3423 1416 3449 0
X 1419 3423 1435 3448 0
X 1439 3423 1444 3428 0
